
      64	    1024	  32	        32	     0.046
      64	  128000	  32	      4000	     3.895
      64	  512000	  32	     16000	     8.294
      64	  896000	  32	     28000	     9.092
      64	 1280000	  32	     40000	    10.614
      64	 1536000	  32	     48000	    10.992
      64	 3968000	  32	    124000	    12.221
      64	 4352000	  32	    136000	    12.233
      64	 6400000	  32	    200000	    12.585
      64	 7168000	  32	    224000	    12.531
      64	 8192000	  32	    256000	    12.584
      64	    1024	  64	        16	     0.044
      64	  128000	  64	      2000	     4.714
      64	  512000	  64	      8000	    10.759
      64	  896000	  64	     14000	     8.102
      64	 1280000	  64	     20000	    13.652
      64	 1536000	  64	     24000	    14.205
      64	 3968000	  64	     62000	    15.662
      64	 4352000	  64	     68000	    15.765
      64	 6400000	  64	    100000	    16.223
      64	 7168000	  64	    112000	    16.358
      64	 8192000	  64	    128000	    16.341
      64	    1024	 128	         8	     0.044
      64	  128000	 128	      1000	     5.119
      64	  512000	 128	      4000	    10.327
      64	  896000	 128	      7000	    12.696
      64	 1280000	 128	     10000	    13.898
      64	 1536000	 128	     12000	    14.474
      64	 3968000	 128	     31000	    15.788
      64	 4352000	 128	     34000	    15.797
      64	 6400000	 128	     50000	    16.266
      64	 7168000	 128	     56000	    16.334
      64	 8192000	 128	     64000	    16.242
      64	    1024	 256	         4	     0.042
      64	  128000	 256	       500	     5.334
      64	  512000	 256	      2000	    10.893
      64	  896000	 256	      3500	    12.692
      64	 1280000	 256	      5000	    13.909
      64	 1536000	 256	      6000	    14.384
      64	 3968000	 256	     15500	    15.907
      64	 4352000	 256	     17000	    15.624
      64	 6400000	 256	     25000	    16.117
      64	 7168000	 256	     28000	    16.281
      64	 8192000	 256	     32000	    16.492
