      64	    1024	  32	        32	     0.042
      64	  128000	  32	      4000	     4.102
      64	  512000	  32	     16000	     8.387
      64	  896000	  32	     28000	     9.755
      64	 1280000	  32	     40000	    10.532
      64	 1536000	  32	     48000	    10.942
      64	 3968000	  32	    124000	    12.080
      64	 4352000	  32	    136000	    12.119
      64	 6400000	  32	    200000	    12.323
      64	 7168000	  32	    224000	    12.487
      64	 8192000	  32	    256000	    12.510
      64	    1024	  64	        16	     0.046
      64	  128000	  64	      2000	     4.892
      64	  512000	  64	      8000	    10.755
      64	  896000	  64	     14000	    12.939
      64	 1280000	  64	     20000	    11.969
      64	 1536000	  64	     24000	    14.327
      64	 3968000	  64	     62000	    15.864
      64	 4352000	  64	     68000	    15.951
      64	 6400000	  64	    100000	     8.325
      64	 7168000	  64	    112000	    15.882
      64	 8192000	  64	    128000	    16.174
      64	    1024	 128	         8	     0.043
      64	  128000	 128	      1000	     5.052
      64	  512000	 128	      4000	     9.721
      64	  896000	 128	      7000	    13.141
      64	 1280000	 128	     10000	    13.771
      64	 1536000	 128	     12000	    11.856
      64	 3968000	 128	     31000	    15.891
      64	 4352000	 128	     34000	    16.073
      64	 6400000	 128	     50000	    16.328
      64	 7168000	 128	     56000	    16.307
      64	 8192000	 128	     64000	    16.201
      64	    1024	 256	         4	     0.042
      64	  128000	 256	       500	     5.360
      64	  512000	 256	      2000	    10.943
      64	  896000	 256	      3500	    12.760
      64	 1280000	 256	      5000	    13.548
      64	 1536000	 256	      6000	    13.553
      64	 3968000	 256	     15500	    15.790
      64	 4352000	 256	     17000	    15.904
      64	 6400000	 256	     25000	    16.166
      64	 7168000	 256	     28000	    16.319
      64	 8192000	 256	     32000	    16.383
      64	    1024	 512	         2	     0.046
      64	  128000	 512	       250	     5.128
      64	  512000	 512	      1000	    10.762
      64	  896000	 512	      1750	    12.874
      64	 1280000	 512	      2500	    13.186
      64	 1536000	 512	      3000	    14.327
      64	 3968000	 512	      7750	    14.209
      64	 4352000	 512	      8500	    15.939
      64	 6400000	 512	     12500	    16.411
      64	 7168000	 512	     14000	    16.265
      64	 8192000	 512	     16000	    15.900
run 2
      64	    1024	  32	        32	     0.044
      64	  128000	  32	      4000	     3.962
      64	  512000	  32	     16000	     8.316
      64	  896000	  32	     28000	     9.817
      64	 1280000	  32	     40000	    10.410
      64	 1536000	  32	     48000	    10.925
      64	 3968000	  32	    124000	    12.082
      64	 4352000	  32	    136000	    12.157
      64	 6400000	  32	    200000	    12.457
      64	 7168000	  32	    224000	    12.586
      64	 8192000	  32	    256000	    12.580
      64	    1024	  64	        16	     0.044
      64	  128000	  64	      2000	     4.710
      64	  512000	  64	      8000	    10.790
      64	  896000	  64	     14000	    12.798
      64	 1280000	  64	     20000	    13.810
      64	 1536000	  64	     24000	    14.234
      64	 3968000	  64	     62000	    15.834
      64	 4352000	  64	     68000	    16.085
      64	 6400000	  64	    100000	    15.900
      64	 7168000	  64	    112000	    15.916
      64	 8192000	  64	    128000	    16.182
      64	    1024	 128	         8	     0.045
      64	  128000	 128	      1000	     5.306
      64	  512000	 128	      4000	    10.959
      64	  896000	 128	      7000	    12.912
      64	 1280000	 128	     10000	    13.980
      64	 1536000	 128	     12000	    13.669
      64	 3968000	 128	     31000	    15.934
      64	 4352000	 128	     34000	    15.871
      64	 6400000	 128	     50000	    16.348
      64	 7168000	 128	     56000	    15.770
      64	 8192000	 128	     64000	    16.212
      64	    1024	 256	         4	     0.046
      64	  128000	 256	       500	     5.236
      64	  512000	 256	      2000	    10.803
      64	  896000	 256	      3500	    12.932
      64	 1280000	 256	      5000	    14.124
      64	 1536000	 256	      6000	    14.299
      64	 3968000	 256	     15500	    15.434
      64	 4352000	 256	     17000	    15.765
      64	 6400000	 256	     25000	    16.216
      64	 7168000	 256	     28000	    15.702
      64	 8192000	 256	     32000	    16.247
      64	    1024	 512	         2	     0.047
      64	  128000	 512	       250	     4.994
      64	  512000	 512	      1000	    10.048
      64	  896000	 512	      1750	    11.812
      64	 1280000	 512	      2500	    13.512
      64	 1536000	 512	      3000	    14.103
      64	 3968000	 512	      7750	    15.839
      64	 4352000	 512	      8500	    15.898
      64	 6400000	 512	     12500	    16.046
      64	 7168000	 512	     14000	    16.273
      64	 8192000	 512	     16000	    16.434
