
      64	    1024	  32	        32	     0.034
      64	  128000	  32	      4000	     3.421
      64	  512000	  32	     16000	     1.568
      64	  896000	  32	     28000	     3.512
      64	 1280000	  32	     40000	     4.508
      64	 1536000	  32	     48000	     5.127
      64	 3968000	  32	    124000	     7.238
      64	 4352000	  32	    136000	     7.602
      64	 6400000	  32	    200000	     8.536
      64	 7168000	  32	    224000	     8.958
      64	 8192000	  32	    256000	     9.042
      64	    1024	  64	        16	     0.038
      64	  128000	  64	      2000	     3.944
      64	  512000	  64	      8000	     2.208
      64	  896000	  64	     14000	     3.549
      64	 1280000	  64	     20000	     4.413
      64	 1536000	  64	     24000	     4.784
      64	 3968000	  64	     62000	     7.916
      64	 4352000	  64	     68000	     8.090
      64	 6400000	  64	    100000	     9.196
      64	 7168000	  64	    112000	     9.243
      64	 8192000	  64	    128000	     9.820
      64	    1024	 128	         8	     0.038
      64	  128000	 128	      1000	     4.154
      64	  512000	 128	      4000	     2.150
      64	  896000	 128	      7000	     3.673
      64	 1280000	 128	     10000	     4.819
      64	 1536000	 128	     12000	     4.030
      64	 3968000	 128	     31000	     7.527
      64	 4352000	 128	     34000	     7.947
      64	 6400000	 128	     50000	     8.722
      64	 7168000	 128	     56000	     9.003
      64	 8192000	 128	     64000	     9.472
      64	    1024	 256	         4	     0.037
      64	  128000	 256	       500	     4.205
      64	  512000	 256	      2000	     2.375
      64	  896000	 256	      3500	     1.177
      64	 1280000	 256	      5000	     4.588
      64	 1536000	 256	      6000	     5.419
      64	 3968000	 256	     15500	     7.521
      64	 4352000	 256	     17000	     8.001
      64	 6400000	 256	     25000	     9.102
      64	 7168000	 256	     28000	     9.042
      64	 8192000	 256	     32000	     9.373
      64	    1024	 512	         2	     0.035
      64	  128000	 512	       250	     4.195
      64	  512000	 512	      1000	     2.387
      64	  896000	 512	      1750	     3.542
      64	 1280000	 512	      2500	     4.771
      64	 1536000	 512	      3000	     5.325
      64	 3968000	 512	      7750	     5.297
      64	 4352000	 512	      8500	     8.109
      64	 6400000	 512	     12500	     9.221
      64	 7168000	 512	     14000	     9.560
      64	 8192000	 512	     16000	     9.627
