
      64	    1024	  32	        32	     0.044
      64	  128000	  32	      4000	     4.078
      64	  512000	  32	     16000	     8.092
      64	  896000	  32	     28000	     9.881
      64	 1280000	  32	     40000	    10.415
      64	 1536000	  32	     48000	    10.689
      64	 3968000	  32	    124000	    12.075
      64	 4352000	  32	    136000	    12.144
      64	 6400000	  32	    200000	    12.330
      64	 7168000	  32	    224000	    12.530
      64	 8192000	  32	    256000	    12.620
      64	    1024	  64	        16	     0.046
      64	  128000	  64	      2000	     4.826
      64	  512000	  64	      8000	    10.848
      64	  896000	  64	     14000	    12.829
      64	 1280000	  64	     20000	    13.752
      64	 1536000	  64	     24000	    14.347
      64	 3968000	  64	     62000	    15.923
      64	 4352000	  64	     68000	    15.930
      64	 6400000	  64	    100000	    16.263
      64	 7168000	  64	    112000	    16.148
      64	 8192000	  64	    128000	    16.163
      64	    1024	 128	         8	     0.044
      64	  128000	 128	      1000	     4.209
      64	  512000	 128	      4000	    10.703
      64	  896000	 128	      7000	    12.645
      64	 1280000	 128	     10000	    13.743
      64	 1536000	 128	     12000	    14.163
      64	 3968000	 128	     31000	    15.743
      64	 4352000	 128	     34000	    15.781
      64	 6400000	 128	     50000	    16.434
      64	 7168000	 128	     56000	    16.289
      64	 8192000	 128	     64000	    16.309
      64	    1024	 256	         4	     0.044
      64	  128000	 256	       500	     5.131
      64	  512000	 256	      2000	    10.943
      64	  896000	 256	      3500	    12.738
      64	 1280000	 256	      5000	    13.779
      64	 1536000	 256	      6000	    14.393
      64	 3968000	 256	     15500	    15.769
      64	 4352000	 256	     17000	    15.787
      64	 6400000	 256	     25000	    16.144
      64	 7168000	 256	     28000	    16.306
      64	 8192000	 256	     32000	    15.269
      64	    1024	 512	         2	     0.044
      64	  128000	 512	       250	     5.402
      64	  512000	 512	      1000	    10.440
      64	  896000	 512	      1750	    10.836
      64	 1280000	 512	      2500	    13.425
      64	 1536000	 512	      3000	    14.006
      64	 3968000	 512	      7750	    15.080
      64	 4352000	 512	      8500	    15.859
      64	 6400000	 512	     12500	    16.040
      64	 7168000	 512	     14000	    16.297
      64	 8192000	 512	     16000	    16.498
